sprite 16 16 /tmp/pal
199 198 198 198 198 198 198 197 197 197 197 197 198 198 198 199
202 201 198 198 198 198 198 198 198 198 198 198 198 198 201 202
203 202 201 201 201 201 201 201 201 201 201 201 201 201 203 203
203 202 201 201 201 201 201 201 201 201 201 201 201 201 203 203
203 202 201 201 201 201 201 201 201 201 201 201 201 201 203 203
203 202 201 201 201 201 201 201 201 201 201 201 201 201 203 203
203 202 201 201 201 201 201 201 201 201 201 201 201 201 203 203
203 202 201 201 201 201 201 201 201 201 201 201 201 201 203 203
203 202 201 201 201 201 201 201 201 201 201 201 201 201 203 203
203 202 201 201 201 201 201 201 201 201 201 201 201 201 203 203
203 202 201 201 201 201 201 201 201 201 201 201 201 201 203 203
203 202 201 201 201 201 201 201 201 201 201 201 201 201 203 203
203 202 201 201 201 201 201 201 201 201 201 201 201 201 203 203
203 203 201 201 201 201 201 201 201 201 201 201 201 201 203 203
203 204 205 205 205 206 206 206 206 206 206 206 206 206 204 203
205 205 206 206 206 206 206 206 206 206 206 206 206 206 206 205
