sprite 16 16 /tmp/pal
192 240 240 240 240 240 240 240 240 240 240 240 240 240 240 192
241 192 240 240 240 240 240 240 224 224 224 224 224 224 192 242
242 241 192 192 192 192 192 192 192 192 192 192 192 192 241 242
242 241 192 192 192 192 192 192 192 192 192 192 192 192 241 242
242 241 192 192 192 192 192 192 192 192 192 192 192 192 241 242
242 241 192 192 192 192 192 192 192 192 192 192 192 192 241 242
242 241 192 192 192 192 192 192 192 192 192 192 192 192 241 242
242 241 192 192 192 192 192 192 192 192 192 192 192 192 241 242
242 241 192 192 192 192 192 192 192 192 192 192 192 192 241 242
242 241 192 192 192 192 192 192 192 192 192 192 192 192 241 242
242 241 192 192 192 192 192 192 192 192 192 192 192 192 241 242
242 241 192 192 192 192 192 192 192 192 192 192 192 192 241 242
242 241 192 192 192 192 192 192 192 192 192 192 192 192 241 242
242 241 192 192 192 192 192 192 192 192 192 192 192 192 241 242
242 242 243 243 243 243 243 243 243 243 243 243 243 243 243 242
243 243 243 243 243 243 243 243 243 243 243 243 243 243 243 243
