sprite 16 16 /tmp/pal
112 112 112 112 112 112 112 112 112 112 112 112 112 112 112 112
118 112 112 113 113 113 113 113 113 113 113 112 112 112 112 117
118 117 115 115 115 115 115 115 115 115 115 115 115 115 117 117
118 117 115 115 115 115 115 115 115 115 115 115 115 116 117 117
118 117 115 115 115 115 115 115 115 115 115 115 116 116 117 117
118 117 115 115 115 115 115 116 115 115 115 115 115 115 117 117
118 117 115 115 115 115 115 115 115 115 115 115 115 116 117 117
118 117 115 115 115 115 115 115 115 115 115 115 115 116 117 117
118 117 115 115 115 115 115 115 115 115 115 115 115 115 117 117
118 118 115 115 115 115 115 115 115 115 115 115 115 116 117 117
119 118 115 115 115 115 115 115 115 116 115 115 115 116 117 117
119 117 115 115 115 116 115 115 115 115 115 115 115 116 117 117
118 117 115 115 115 115 115 115 115 115 115 116 116 115 117 117
118 117 115 115 115 115 116 116 116 116 115 115 115 116 117 117
118 119 119 120 120 120 120 119 119 119 119 119 120 120 119 117
120 120 120 120 120 120 120 120 120 120 120 120 120 120 120 120
