sprite 16 16 /tmp/pal
215 214 214 214 214 214 214 214 214 214 214 214 214 214 214 216
217 215 214 214 214 214 214 214 214 214 214 214 214 214 216 217
217 217 215 215 215 215 215 215 215 215 215 215 215 215 217 217
217 217 215 215 215 215 215 216 215 215 215 215 215 215 217 217
217 217 215 215 215 216 215 216 215 215 215 215 215 215 217 217
217 215 215 215 215 215 215 215 215 215 215 215 215 215 217 217
217 217 215 215 215 215 215 215 215 215 215 215 215 215 217 217
215 217 215 215 215 215 215 215 216 215 215 215 215 215 217 217
217 217 216 215 215 215 215 216 215 215 215 215 215 215 217 217
217 217 216 215 215 215 215 215 215 215 215 215 215 215 217 217
217 217 216 215 215 215 215 215 215 215 215 215 216 215 217 217
217 217 215 215 215 215 215 215 215 215 215 215 215 215 217 217
217 217 215 215 215 215 215 215 215 216 215 215 216 215 217 217
217 217 215 215 215 215 215 215 215 215 215 215 215 215 217 217
217 221 221 221 221 221 221 221 221 221 221 221 221 221 221 219
221 221 221 221 221 222 222 222 222 222 222 222 221 221 221 222
