sprite 16 16 /tmp/pal
252 250 250 250 250 250 250 250 250 250 250 250 250 250 250 252
253 251 250 250 250 252 252 252 251 251 251 251 252 252 252 253
253 252 251 251 251 251 251 251 251 251 251 251 251 251 252 253
253 252 251 251 251 251 251 251 251 251 251 251 251 251 252 253
253 252 251 251 251 251 251 251 251 251 251 251 251 251 252 253
253 252 251 251 252 252 252 251 251 251 251 251 251 251 252 253
253 252 251 251 251 251 251 251 251 251 251 251 251 251 252 253
253 252 251 251 251 251 251 251 251 251 251 251 251 251 252 253
253 252 251 251 251 251 251 251 251 251 251 251 251 251 252 253
253 252 251 251 251 251 251 251 251 251 251 251 251 251 252 253
253 252 251 251 251 251 251 251 251 251 251 251 251 251 252 253
253 252 251 251 251 251 251 251 251 251 251 251 251 251 252 253
253 252 251 251 251 251 251 251 251 251 251 252 252 251 252 253
253 252 251 251 251 251 251 251 251 251 251 251 251 251 251 253
253 254 253 253 253 253 253 253 253 254 254 254 254 254 254 253
254 254 254 254 254 254 254 254 254 254 254 254 254 254 254 254
