sprite 16 16 /tmp/pal
174 174 174 174 174 174 174 174 174 173 173 173 173 174 174 174
179 177 175 175 175 175 175 175 175 175 175 175 175 175 175 179
182 180 177 177 177 177 177 177 177 177 177 177 177 177 182 183
183 182 177 177 177 177 177 177 177 177 177 177 177 178 182 183
183 182 177 177 177 177 177 177 177 177 177 177 177 177 182 183
183 182 177 177 177 177 177 177 177 177 177 177 177 177 182 182
183 182 177 177 177 177 177 177 177 177 177 177 177 178 182 182
183 182 177 177 177 177 177 177 177 177 177 177 177 177 182 182
183 182 177 177 177 177 177 177 177 177 177 177 177 177 182 182
183 182 177 177 177 177 177 177 177 177 177 177 177 177 182 182
183 182 177 177 177 177 177 177 177 177 177 177 177 177 182 183
183 182 177 177 177 177 177 177 177 177 177 177 177 177 182 183
183 182 177 177 177 177 177 177 177 177 177 177 177 177 182 183
182 183 177 177 177 177 177 177 178 178 177 177 177 178 182 183
182 185 186 186 186 186 186 186 186 186 186 186 186 186 185 183
184 186 186 186 186 186 186 186 186 186 186 186 186 186 186 185
