sprite 16 16 pal
230 229 229 229 228 228 228 228 228 228 228 228 228 228 228 229
233 231 229 229 229 229 229 229 229 229 229 229 229 229 231 232
233 232 231 231 231 231 231 231 231 231 231 231 231 231 232 232
233 232 231 231 231 231 231 231 231 231 231 231 231 231 232 233
233 232 231 231 231 231 231 231 231 231 231 231 231 231 232 233
233 232 231 229 229 229 229 231 229 229 231 229 231 231 232 233
233 232 231 231 231 231 231 231 231 231 231 231 231 231 232 233
233 232 231 231 231 231 231 231 231 231 231 231 231 231 232 233
233 232 231 231 231 231 229 229 231 231 231 231 231 231 232 233
233 232 231 231 231 231 231 231 231 231 231 231 231 231 232 233
233 232 231 231 231 231 231 231 231 231 231 231 231 231 232 233
233 232 231 231 231 231 231 231 231 231 231 231 231 231 232 233
233 232 231 231 231 231 231 231 231 231 231 231 231 231 232 233
233 233 231 231 231 231 231 231 231 231 231 231 231 231 233 233
233 234 235 235 235 235 235 235 235 235 235 235 235 235 234 233
234 235 235 235 235 235 235 235 235 235 235 235 235 235 235 235
